line -3.12552,-2.49816,4.32256 -3.3271,-1.22539,4.32256 
line -3.3271,-1.22539,4.32256 -3.91213,-0.0772099,4.32256 
line -3.91213,-0.0772099,4.32256 -4.82333,0.833993,4.32256 
line -4.82333,0.833993,4.32256 -5.97152,1.41902,4.32256 
line -5.97152,1.41902,4.32256 -7.24429,1.62061,4.32256 
line -7.24429,1.62061,4.32256 -8.51706,1.41902,4.32256 
line -8.51706,1.41902,4.32256 -9.66524,0.833993,4.32256 
line -9.66524,0.833993,4.32256 -10.5764,-0.0772099,4.32256 
line -10.5764,-0.0772099,4.32256 -11.1615,-1.22539,4.32256 
line -11.1615,-1.22539,4.32256 -11.3631,-2.49816,4.32256 
line -11.3631,-2.49816,4.32256 -11.1615,-3.77093,4.32256 
line -11.1615,-3.77093,4.32256 -10.5764,-4.91912,4.32256 
line -10.5764,-4.91912,4.32256 -9.66524,-5.83032,4.32256 
line -9.66524,-5.83032,4.32256 -8.51706,-6.41535,4.32256 
line -8.51706,-6.41535,4.32256 -7.24429,-6.61693,4.32256 
line -7.24429,-6.61693,4.32256 -5.97152,-6.41535,4.32256 
line -5.97152,-6.41535,4.32256 -4.82333,-5.83032,4.32256 
line -4.82333,-5.83032,4.32256 -3.91213,-4.91912,4.32256 
line -3.91213,-4.91912,4.32256 -3.3271,-3.77093,4.32256 
line -3.3271,-3.77093,4.32256 -3.12552,-2.49816,4.32256 
